name,gender
lkh,boy
